0.1 1.99027e-06
0.118367 1.67817e-06
0.136735 1.44947e-06
0.155102 1.27454e-06
0.173469 1.13631e-06
0.191837 1.02425e-06
0.210204 9.31502e-07
0.228571 8.53425e-07
0.246939 7.8675e-07
0.265306 7.29118e-07
0.283673 6.78779e-07
0.302041 6.3441e-07
0.320408 5.9499e-07
0.338776 5.59723e-07
0.357143 5.27973e-07
0.37551 4.9923e-07
0.393878 4.73081e-07
0.412245 4.49183e-07
0.430612 4.27254e-07
0.44898 4.07057e-07
0.467347 3.88394e-07
0.485714 3.71094e-07
0.504082 3.55013e-07
0.522449 3.40026e-07
0.540816 3.26026e-07
0.559184 3.12918e-07
0.577551 3.00622e-07
0.595918 2.89064e-07
0.614286 2.78182e-07
0.632653 2.6792e-07
0.65102 2.58227e-07
0.669388 2.49059e-07
0.687755 2.40376e-07
0.706122 2.32142e-07
0.72449 2.24324e-07
0.742857 2.16895e-07
0.761224 2.09826e-07
0.779592 2.03094e-07
0.797959 1.96676e-07
0.816327 1.90554e-07
0.834694 1.84708e-07
0.853061 1.79121e-07
0.871429 1.73778e-07
0.889796 1.68665e-07
0.908163 1.63769e-07
0.926531 1.59076e-07
0.944898 1.54576e-07
0.963265 1.50259e-07
0.981633 1.46114e-07
1 1.42132e-07
